0 0.185 0.9235715 0.04428599999999999 0.061428999999999956
0 0.1807145 0.6164285 0.021428999999999976 0.09857100000000008
0 0.187143 0.85 0.03428599999999998 0.054286000000000056
0 0.222143 0.6714285 0.04428599999999999 0.06571499999999997
0 0.232857 0.752857 0.065714 0.08571400000000007
0 0.2264285 0.5957140000000001 0.041428999999999994 0.054285999999999945
0 0.23785699999999999 0.8478570000000001 0.04428600000000002 0.05857199999999996
0 0.2557145 0.9607140000000001 0.06285699999999997 0.07571399999999995
0 0.27928549999999996 0.597857 0.041428999999999994 0.05571400000000004
0 0.2942855 0.7150000000000001 0.068571 0.092858
0 0.2971425 0.885 0.062857 0.09000000000000008
0 0.2985715 0.8057145 0.042857000000000034 0.06857099999999994
0 0.862143 0.2378575 0.030000000000000027 0.052857000000000015
0 0.8757145 0.082857 0.03714300000000004 0.06
