0 0.035 0.391667 0.07 0.09999999999999998
0 0.094375 0.7791665 0.11124999999999999 0.10666700000000007
0 0.14125000000000001 0.39 0.11750000000000001 0.10999999999999999
0 0.219375 0.785833 0.11374999999999999 0.1100000000000001
0 0.269375 0.377917 0.11999999999999997 0.11750000000000005
0 0.35562499999999997 0.7866665 0.1175 0.10833300000000001
0 0.40812499999999996 0.38208299999999995 0.12625000000000003 0.11249999999999999
0 0.48875 0.7808335 0.11250000000000004 0.09666699999999995
0 0.5431250000000001 0.37875000000000003 0.10750000000000004 0.11583400000000005
0 0.62125 0.7783335 0.11375000000000002 0.11166699999999996
0 0.6793750000000001 0.3666665 0.11625000000000008 0.11166699999999996
0 0.76 0.775 0.10749999999999993 0.10499999999999998
0 0.8209375 0.36750000000000005 0.12812500000000004 0.11333399999999999
0 0.8925 0.7658335000000001 0.11375000000000002 0.10166700000000006
0 0.9465625 0.368333 0.10062499999999996 0.10500000000000004
0 0.9840625000000001 0.77125 0.030625000000000013 0.08083400000000007
