0 0.025 0.2779165 0.05 0.059167
0 0.1278125 0.45625 0.21687499999999998 0.390834
0 0.1484375 0.2516665 0.02562500000000001 0.05166700000000002
0 0.51125 0.475 0.50375 0.31833400000000006
0 0.37906249999999997 0.2529165 0.060624999999999984 0.06416699999999997
0 0.421875 0.2458335 0.03874999999999995 0.05333300000000002
0 0.469375 0.26249999999999996 0.04749999999999999 0.044999999999999984
0 0.6996875 0.30916699999999997 0.09562500000000007 0.10000000000000003
0 0.7178125 0.2625 0.015625 0.04166600000000001
0 0.8540625 0.38375000000000004 0.13312500000000005 0.180834
0 0.8600000000000001 0.2916665 0.08750000000000002 0.11666699999999997
0 0.94375 0.323333 0.03875000000000006 0.06
