0 0.0303125 0.479831 0.060625 0.113508
0 0.1615625 0.6984055 0.048125 0.11538500000000007
0 0.33687500000000004 0.564259 0.10500000000000004 0.10600399999999999
0 0.32499999999999996 0.7162284999999999 0.05499999999999999 0.12101299999999993
0 0.40249999999999997 0.7471855000000001 0.05124999999999996 0.09474700000000003
0 0.43 0.643527 0.0675 0.060037999999999925
0 0.47875 0.7016884999999999 0.11624999999999996 0.15759899999999993
0 0.516875 0.551126 0.05500000000000005 0.08724200000000004
0 0.534375 0.729831 0.08500000000000002 0.133208
0 0.5440625 0.6383675 0.03687499999999999 0.053471000000000046
0 0.5818749999999999 0.609756 0.015000000000000013 0.06941799999999998
0 0.611875 0.7002809999999999 0.06999999999999995 0.130394
0 0.7112499999999999 0.597092 0.10999999999999999 0.143528
0 0.6778124999999999 0.502814 0.02312499999999995 0.06754199999999999
0 0.79625 0.719043 0.05499999999999994 0.11538399999999993
0 0.9271875 0.7331145 0.14437500000000003 0.192307
0 0.9375 0.7542215 0.06000000000000005 0.14634100000000005
0 0.9846874999999999 0.606473 0.02937500000000004 0.04784200000000005
