0 0.015625 0.3846155 0.03125 0.07317099999999999
0 0.033125 0.35975599999999996 0.057499999999999996 0.04596600000000001
0 0.0690625 0.37335799999999997 0.070625 0.08817999999999998
0 0.205625 0.370544 0.048750000000000016 0.07129400000000002
0 0.23343750000000002 0.3306755 0.02687500000000001 0.023453
0 0.2575 0.3513135 0.05249999999999999 0.051594999999999946
0 0.359375 0.3771105 0.06625000000000003 0.05816100000000002
0 0.38625 0.3555345 0.07124999999999998 0.07317100000000004
0 0.486875 0.5347095 0.06500000000000006 0.31519700000000006
0 0.6015625 0.6181989999999999 0.17437499999999995 0.159474
0 0.638125 0.38461500000000004 0.10875000000000001 0.17636000000000002
0 0.7649999999999999 0.35553500000000005 0.0675 0.084428
