0 0.44062500000000004 0.630497 0.10249999999999998 0.18833600000000006
0 0.1003125 0.4913955 0.07187500000000001 0.13575500000000001
0 0.2634375 0.4741875 0.10687500000000003 0.14913900000000008
0 0.3409375 0.452199 0.02562500000000001 0.14722799999999997
0 0.375625 0.49904400000000004 0.03375 0.110898
0 0.44625000000000004 0.47179750000000004 0.058750000000000024 0.11950300000000003
0 0.5846875 0.5458890000000001 0.07687500000000003 0.14340399999999998
0 0.7625 0.335564 0.053750000000000075 0.089866
0 0.9265625 0.677342 0.10812499999999992 0.18642399999999992
0 0.97375 0.671128 0.05125000000000002 0.15869999999999995
