0 0.0275 0.7320045 0.055 0.18604699999999996
0 0.166875 0.6511629999999999 0.15750000000000003 0.35216
0 0.35875 0.7552605 0.11249999999999999 0.19269099999999995
0 0.3875 0.707641 0.14 0.21484000000000003
0 0.5090625 0.7497229999999999 0.16812500000000002 0.254706
0 0.5840624999999999 0.746401 0.125625 0.183832
0 0.744375 0.751938 0.1975 0.21262399999999992
0 0.7309375 0.7358804999999999 0.14187499999999997 0.2093029999999999
0 0.8040625 0.736988 0.18062500000000004 0.23366600000000004
0 0.9340625 0.7585824999999999 0.130625 0.20376500000000008
