0 0.230625 0.784709 0.30124999999999996 0.12664199999999992
0 0.40218750000000003 0.6181989999999999 0.06562499999999999 0.08818000000000004
0 0.4303125 0.8212945 0.03187499999999999 0.04596699999999998
0 0.488125 0.825985 0.03749999999999998 0.05534799999999995
0 0.515 0.7424955 0.05249999999999999 0.03846099999999997
0 0.6978125 0.814728 0.018125000000000058 0.04408999999999996
0 0.8321875 0.8090995000000001 0.03562500000000002 0.03658499999999998
0 0.8384375 0.7893995 0.030625000000000013 0.029081000000000023
0 0.8659375 0.8011254999999999 0.034375000000000044 0.028142999999999918
0 0.9237500000000001 0.802064 0.04999999999999993 0.04690400000000006
0 0.9437500000000001 0.7406195 0.05625000000000002 0.03470899999999999
