0 0.090625 0.8015950000000001 0.18125 0.394934
0 0.1253125 0.469512 0.250625 0.34615399999999996
0 0.3765625 0.6918385 0.753125 0.614447
0 0.23906249999999998 0.42401500000000003 0.455625 0.47092
0 0.3625 0.217167 0.50375 0.434334
0 0.6478125 0.35318950000000005 0.5531249999999999 0.33677300000000004
0 0.71 0.860225 0.5725 0.277674
0 0.755625 0.4709195 0.48750000000000004 0.6191369999999999
0 0.8109375000000001 0.281426 0.375625 0.30956799999999995
0 0.8196875 0.804878 0.359375 0.38649200000000006
0 0.92875 0.910882 0.14125 0.17635999999999996
