0 0.015 0.08710000000000001 0.03 0.034839999999999996
0 0.1878125 0.102166 0.115625 0.049906000000000006
0 0.4428125 0.541431 0.374375 0.40678
0 0.33406250000000004 0.0852165 0.07937500000000003 0.042372999999999994
0 0.35625 0.033898000000000005 0.08374999999999999 0.060264000000000005
0 0.42593749999999997 0.129473 0.11812499999999998 0.08945399999999999
0 0.44218749999999996 0.08286249999999999 0.060624999999999984 0.077213
0 0.5478125 0.049435 0.04312499999999997 0.032956
0 0.66125 0.060734500000000004 0.05249999999999999 0.044257000000000005
0 0.89125 0.7664785000000001 0.21500000000000008 0.27871900000000005
